1.940910000000000000e+05
7.718300000000000000e+04
1.654190000000000000e+05
4.253900000000000000e+04
5.634000000000000000e+03
6.187800000000000000e+04
1.775330000000000000e+05
1.500380000000000000e+05
1.566360000000000000e+05
1.651140000000000000e+05
5.284200000000000000e+04
9.758800000000000000e+04
7.284400000000000000e+04
2.096900000000000000e+04
1.136950000000000000e+05
1.098600000000000000e+05
1.983000000000000000e+03
1.871560000000000000e+05
8.112200000000000000e+04
1.031540000000000000e+05
